9803
49
8907
8235
9167
URYR
3388
9291
9936
61
1769
622
1371
-8758
9259
-4416
9186
3996
-9614
-1443
-4487
2503
-6840
-6613
-9335
919
-4534
-4228
-9099
-8675
-3460
-3478
-387
2630
9257
1979
9647
-3820
-1056
1791
-3681
4150
9919
783
-996
8143
-289
5642
5443
3523
6295
9170
-1647
-4204
-7385
8180
-6445
-4049
-6730
-9233
-7846
5257
-4791
1908
-5258
-2543
-1712
-7409
2094
8252
7819
-8929
4448
-7426
-5460
177
-5504
6323
-7513
7363
-6075
4877
-5122
-2412
130
-8340
7148
8019
7302
-3955
9933
3625
-9012
-9880
468
-8575
-4385
8176
-4724
-1532
4743
-9705
8170
-9669
-3565
2157
-526
-346
746
-1264
-3560
-6986
-7588
2285
-8609
-3238
-9577
3227
4987
2270
-3629
-4973
-6758
7249
7391
2943
477
6375
-5591
-457
7428
-2029
-8673
-8921
-43
8704
-9788
2723
-3108
-3557
-2031
9285
-1877
-8759
-6354
8085
-9932
1235
-2246
18
-4239
-4056
-7886
-4194
2512
-6709
7783
2579
2445
6950
-9860
-7187
364
8230
-942
-5702
-7778
8847
-882
4350
-3160
-5816
4120
2630
-7487
1111
-1829
-1938
3597
4589
-884
5605
-3844
7405
-3242
-3959
9797
8613
805
3104
4042
-3989
-7799
-435
-7856
-9051
6396
8336
-4541
3321
-7160
-3115
-2110
-1218
-5602
-8633
-9574
-3736
-7288
6565
4517
7817
590
-3034
7203
5734
3380
-3918
-7125
7266
6078
-5339
-2429
-7569
-806
-5040
-8013
-2302
5745
-432
-132
1386
4113
